5000 4000 1 32 16655.690
5000 4000 2 32 15910.885
5000 4000 3 32 15873.200
5000 4000 4 32 16075.942
5000 4000 5 32 15963.601
5000 4000 6 32 16117.187
5000 4000 7 32 15952.072
5000 4000 8 32 16121.824
5000 4000 9 32 16233.185
5000 4000 10 32 15754.141
5000 4000 11 32 16069.882
5000 4000 12 32 15899.776
5000 4000 13 32 16186.517
5000 4000 14 32 15986.056
5000 4000 15 32 15895.714
5000 4000 16 32 16585.906
5000 4000 17 32 16093.541
5000 4000 18 32 16093.450
5000 4000 19 32 16196.460
5000 4000 20 32 16229.478
5000 4000 21 32 16649.983
5000 4000 22 32 16268.753
5000 4000 23 32 16457.324
5000 4000 24 32 16545.865
5000 4000 25 32 16387.250
5000 4000 26 32 16356.415
5000 4000 27 32 16359.178
5000 4000 28 32 16502.040
5000 4000 29 32 16220.684
5000 4000 30 48 7144.787
5400 4000 1 32 17145.136
5400 4000 2 32 16518.990
5400 4000 3 32 16627.931
5400 4000 4 32 16006.450
5400 4000 5 32 15862.718
5400 4000 6 32 16239.830
5400 4000 7 32 15951.617
5400 4000 8 32 15903.235
5400 4000 9 32 15990.604
5400 4000 10 32 15926.325
5400 4000 11 32 16371.622
5400 4000 12 32 15775.710
5400 4000 13 32 15807.655
5400 4000 14 32 16821.187
5400 4000 15 32 16794.312
5400 4000 16 32 16462.672
5400 4000 17 32 16453.290
5400 4000 18 32 16639.455
5400 4000 19 32 16573.306
5400 4000 20 32 16629.204
5400 4000 21 32 16471.176
5400 4000 22 32 16535.210
5400 4000 23 32 16503.083
5400 4000 24 32 16735.190
5400 4000 25 48 7239.319
5400 4000 26 48 7168.657
5400 4000 27 48 7269.936
5400 4000 28 48 7267.336
5400 4000 29 48 7206.859
5400 4000 30 48 7288.757
5800 4000 1 48 8671.742
5800 4000 2 48 8035.101
5800 4000 3 48 8019.780
5800 4000 4 48 7958.882
5800 4000 5 48 7934.333
5800 4000 6 48 8126.933
5800 4000 7 48 7848.418
5800 4000 8 48 8029.481
5800 4000 9 48 7787.951
5800 4000 10 48 8078.055
5800 4000 11 48 9910.456
5800 4000 12 48 6986.035
5800 4000 13 48 7168.040
5800 4000 14 48 7092.207
5800 4000 15 48 6962.396
5800 4000 16 48 7110.963
5800 4000 17 48 7133.743
5800 4000 18 48 6801.012
5800 4000 19 48 7035.865
5800 4000 20 48 6979.741
5800 4000 21 48 6945.771
5800 4000 22 48 6976.493
5800 4000 23 48 8402.203
5800 4000 24 48 8748.184
5800 4000 25 48 6699.420
5800 4000 26 48 6746.620
5800 4000 27 48 6772.058
5800 4000 28 48 6649.532
5800 4000 29 48 6946.989
5800 4000 30 48 7192.455
5800 4000 31 48 6794.562
5800 4000 32 48 7236.636
5800 4000 33 48 7178.204
5800 4000 34 48 7138.760
5800 4000 35 48 7344.171
5800 4000 36 48 7284.066
5800 4000 37 48 7282.030
5800 4000 38 48 7301.586
5800 4000 39 48 7315.570
5800 4000 40 48 7086.074
6200 1000 1 48 7253.939
6200 1000 2 48 7020.199
6200 1000 3 48 6913.735
6200 1000 4 48 6974.815
6200 1000 5 48 7028.145
6200 1000 6 48 6969.384
6200 1000 7 48 7039.554
6200 1000 8 48 6849.983
6200 1000 9 48 7185.764
6200 1000 10 48 10253.016
6200 1000 11 48 6855.973
6200 1000 12 48 6956.400
6200 1000 13 48 6996.895
6200 1000 14 48 6869.222
6200 1000 15 48 6895.066
6200 1000 16 48 6907.911
6200 1000 17 48 7048.273
6200 1000 18 48 6894.644
6200 1000 19 48 6981.462
6200 1000 20 48 7158.273
6200 1000 21 48 7042.997
6200 1000 22 48 7058.796
6200 1000 23 48 7134.471
6200 1000 24 48 7201.657
6200 1000 25 48 7125.435
6200 1000 26 48 7169.787
6200 1000 27 48 7350.876
6200 1000 28 48 6958.744
6200 1000 29 48 6983.722
6200 1000 30 48 9250.355
6200 1000 31 48 6966.003
6200 1000 32 48 9604.243
6200 1000 33 48 7344.698
6200 1000 34 48 7102.332
6200 1000 35 48 7225.021
6200 1000 36 48 7140.940
6200 1000 37 48 12066.114
6200 1000 38 48 7038.852
6200 1000 39 48 6839.777
6200 1000 40 48 7075.797
6200 1000 41 48 6936.291
6200 1000 42 48 7164.114
6200 1000 43 48 6790.248
6200 1000 44 48 7078.479
6200 1000 45 48 6883.419
6200 1000 46 48 6954.694
6200 1000 47 48 6886.612
6200 1000 48 48 7054.086
6200 1000 49 48 7059.495
6200 1000 50 48 7242.714
6200 1000 51 48 6771.280
6200 1000 52 48 6811.149
6200 1000 53 48 6877.241
6200 1000 54 48 6877.433
6200 1000 55 48 7386.032
6200 1000 56 48 7319.902
6200 1000 57 48 7275.437
6200 1000 58 48 6870.326
6200 1000 59 48 7267.113
6200 1000 60 48 6842.246
6200 1000 61 48 6764.369
6200 1000 62 48 6907.647
6200 1000 63 48 7283.127
6200 1000 64 48 7245.287
6200 1000 65 48 8037.002
6200 1000 66 48 8924.858
6200 1000 67 48 8625.612
6200 1000 68 48 8854.926
6200 1000 69 48 8768.014
6200 1000 70 48 8821.226
6200 1000 71 48 6788.004
6200 1000 72 48 6845.531
6200 1000 73 48 7080.451
6200 1000 74 48 6923.285
6200 1000 75 48 6920.910
6200 1000 76 48 6801.380
6200 1000 77 48 6840.753
6200 1000 78 48 6948.702
6200 1000 79 48 7106.190
6200 1000 80 48 7105.901
6200 1000 81 48 6848.749
6200 1000 82 48 6799.554
6200 1000 83 48 6895.987
6200 1000 84 48 6938.750
6200 1000 85 48 7063.884
6200 1000 86 48 6851.219
6200 1000 87 48 6866.079
6200 1000 88 48 6992.757
6200 1000 89 48 7018.502
6200 1000 90 48 6917.181
6200 2000 1 48 7241.399
6200 2000 2 48 6911.817
6200 2000 3 48 7189.341
6200 2000 4 48 6874.933
6200 2000 5 48 6841.738
6200 2000 6 48 7251.512
6200 2000 7 48 7266.807
6200 2000 8 48 7068.624
6200 2000 9 48 6870.509
6200 2000 10 48 6914.904
6200 2000 11 48 6881.846
6200 2000 12 48 6985.227
6200 2000 13 48 9157.450
6200 2000 14 48 6835.088
6200 2000 15 48 6965.628
6200 2000 16 48 6916.747
6200 2000 17 48 6911.831
6200 2000 18 48 9211.846
6200 2000 19 48 7156.771
6200 2000 20 48 6919.162
6200 2000 21 48 7072.674
6200 2000 22 48 7010.814
6200 2000 23 48 7150.028
6200 2000 24 48 7109.735
6200 2000 25 48 6994.680
6200 2000 26 48 7232.459
6200 2000 27 48 6999.447
6200 2000 28 48 7298.139
6200 2000 29 48 6995.172
6200 2000 30 48 6989.126
6200 2000 31 48 6910.126
6200 2000 32 48 7052.261
6200 2000 33 48 8070.019
6200 2000 34 48 7050.210
6200 2000 35 48 7418.360
6200 2000 36 48 7031.374
6200 2000 37 48 7229.887
6200 2000 38 48 10343.185
6200 2000 39 48 7049.828
6200 2000 40 48 7418.655
6200 2000 41 48 6903.756
6200 2000 42 48 6862.254
6200 2000 43 48 6916.671
6200 2000 44 48 6955.777
6200 2000 45 48 7084.620
6200 2000 46 48 7198.979
6200 2000 47 48 6993.057
6200 2000 48 48 6986.729
6200 2000 49 48 7039.454
6200 2000 50 48 7127.692
6200 2000 51 48 10653.516
6200 2000 52 48 6822.821
6200 2000 53 48 6876.325
6200 2000 54 48 7049.172
6200 2000 55 48 6871.523
6200 2000 56 48 6980.156
6200 2000 57 48 7113.457
6200 2000 58 48 6880.332
6200 2000 59 48 7647.440
6200 2000 60 48 7326.290
6200 2000 61 48 7324.082
6200 2000 62 48 7295.792
6200 2000 63 48 7062.871
6200 2000 64 48 6996.961
6200 2000 65 48 6846.222
6200 2000 66 48 6938.676
6200 2000 67 48 6878.735
6200 2000 68 48 10297.690
6200 2000 69 48 6923.445
6200 2000 70 48 6770.470
6200 2000 71 48 7247.820
6200 2000 72 48 6973.570
6200 2000 73 48 6984.996
6200 2000 74 48 6803.405
6200 2000 75 48 6890.120
6200 2000 76 48 6935.133
6200 2000 77 48 10237.619
6200 2000 78 48 10208.951
6200 2000 79 48 9942.259
6200 2000 80 48 9811.317
6200 2000 81 48 6939.664
6200 2000 82 48 6940.582
6200 2000 83 48 11103.574
6200 2000 84 48 7157.944
6200 2000 85 48 7045.674
6200 2000 86 48 6853.352
6200 2000 87 48 6910.605
6200 2000 88 48 6929.640
6200 2000 89 48 7457.011
6200 2000 90 48 6952.255
6200 3000 1 48 7275.925
6200 3000 2 48 6969.382
6200 3000 3 48 6844.451
6200 3000 4 48 6839.629
6200 3000 5 48 6941.633
6200 3000 6 48 6894.473
6200 3000 7 48 6945.020
6200 3000 8 48 6869.955
6200 3000 9 48 7017.610
6200 3000 10 48 6954.552
6200 3000 11 48 6987.051
6200 3000 12 48 6973.071
6200 3000 13 48 7017.522
6200 3000 14 48 7062.030
6200 3000 15 48 7006.553
6200 3000 16 48 7058.885
6200 3000 17 48 7053.218
6200 3000 18 48 7137.683
6200 3000 19 48 7120.193
6200 3000 20 48 7107.796
6200 3000 21 48 7323.302
6200 3000 22 48 6981.167
6200 3000 23 48 7046.370
6200 3000 24 48 6948.476
6200 3000 25 48 7068.671
6200 3000 26 48 7041.017
6200 3000 27 48 7338.011
6200 3000 28 48 7262.500
6200 3000 29 48 7191.877
6200 3000 30 48 7177.312
6200 3000 31 48 7174.635
6200 3000 32 48 6962.141
6200 3000 33 48 7183.305
6200 3000 34 48 7032.902
6200 3000 35 48 7367.732
6200 3000 36 48 6639.984
6200 3000 37 48 7109.296
6200 3000 38 48 10055.480
6200 3000 39 48 6875.106
6200 3000 40 48 7361.997
6200 3000 41 48 7078.332
6200 3000 42 48 6760.459
6200 3000 43 48 6724.967
6200 3000 44 48 7026.706
6200 3000 45 48 6941.942
6200 3000 46 48 6940.236
6200 3000 47 48 6897.829
6200 3000 48 48 7042.995
6200 3000 49 48 7115.783
6200 3000 50 48 6998.395
6200 3000 51 48 6786.109
6200 3000 52 48 9335.765
6200 3000 53 48 6876.087
6200 3000 54 48 6819.087
6200 3000 55 48 7355.994
6200 3000 56 48 6758.501
6200 3000 57 48 6775.813
6200 3000 58 48 6717.585
6200 3000 59 48 6825.546
6200 3000 60 48 6795.618
6200 3000 61 48 6958.451
6200 3000 62 48 7458.388
6200 3000 63 48 6837.884
6200 3000 64 48 7278.813
6200 3000 65 48 6877.304
6200 3000 66 48 6861.855
6200 3000 67 48 6736.847
6200 3000 68 48 6821.449
6200 3000 69 48 6768.335
6200 3000 70 48 6869.532
6200 4000 1 48 7422.062
6200 4000 2 48 8108.447
6200 4000 3 48 7346.562
6200 4000 4 48 7322.993
6200 4000 5 48 7345.202
6200 4000 6 48 7201.032
6200 4000 7 48 7311.603
6200 4000 8 48 7288.972
6200 4000 9 48 7214.220
6200 4000 10 48 7398.179
6200 4000 11 48 7393.520
6200 4000 12 48 7057.022
6200 4000 13 48 7146.321
6200 4000 14 48 6884.293
6200 4000 15 48 7083.177
6200 4000 16 48 7074.518
6200 4000 17 48 7083.772
6200 4000 18 48 7074.191
6200 4000 19 48 7191.703
6200 4000 20 48 7106.747
6200 4000 21 48 7006.858
6200 4000 22 48 7109.372
6200 4000 23 48 7069.951
6200 4000 24 48 6755.091
6200 4000 25 48 6967.304
6200 4000 26 48 7147.409
6200 4000 27 48 7356.703
6200 4000 28 48 7091.559
6200 4000 29 48 7294.696
6200 4000 30 48 7069.439
6200 4000 31 48 7081.031
6200 4000 32 48 6909.042
6200 4000 33 48 7088.866
6200 4000 34 48 7034.790
6200 4000 35 48 7363.918
6200 4000 36 48 7033.710
6200 4000 37 48 7219.109
6200 4000 38 48 7029.663
6200 4000 39 48 6944.557
6200 4000 40 48 7044.434
6200 4000 41 48 7058.153
6200 4000 42 48 6990.912
6200 4000 43 48 7134.757
6200 4000 44 48 7124.621
6200 4000 45 48 6770.082
6200 4000 46 48 6902.300
6200 4000 47 48 6874.331
6200 4000 48 48 6991.355
6200 4000 49 48 6855.877
6200 4000 50 48 10803.796
6200 4000 51 48 6906.642
6200 4000 52 48 7192.620
6200 4000 53 48 7300.556
6200 4000 54 48 7626.043
6200 4000 55 48 7063.144
6200 4000 56 48 7274.330
6200 4000 57 48 6981.944
6200 4000 58 48 6834.013
6200 4000 59 48 7428.459
6200 4000 60 48 7352.253
6200 4000 61 48 7521.009
6200 4000 62 48 7289.343
6200 4000 63 48 6889.117
6200 4000 64 48 7286.111
6200 4000 65 48 6868.994
6200 4000 66 48 6910.203
6200 4000 67 48 6952.468
6200 4000 68 48 7211.967
6200 4000 69 48 7150.657
6200 4000 70 48 6735.875
6200 4000 71 48 7140.827
6200 4000 72 48 8682.832
6200 4000 73 48 6992.961
6200 4000 74 48 7185.875
6200 4000 75 48 6960.472
6200 4000 76 48 6969.451
6200 4000 77 48 8363.320
6200 4000 78 48 8352.220
6200 4000 79 48 8247.002
6200 4000 80 48 7170.023
6300 1000 1 48 7433.061
6300 1000 2 48 7361.073
6300 1000 3 48 7257.288
6300 1000 4 48 6935.229
6300 1000 5 48 6970.020
6300 1000 6 48 7240.149
6300 1000 7 48 7206.249
6300 1000 8 48 7199.697
6300 1000 9 48 6975.516
6300 1000 10 48 7210.250
6300 1000 11 48 7118.731
6300 1000 12 48 7283.395
6300 1000 13 48 7154.278
6300 1000 14 48 7073.650
6300 1000 15 48 7038.387
6300 1000 16 48 7158.311
6300 1000 17 48 7001.871
6300 1000 18 48 7044.327
6300 1000 19 48 7196.537
6300 1000 20 48 6957.506
6300 1000 21 48 7082.461
6300 1000 22 48 7069.849
6300 1000 23 48 7201.154
6300 1000 24 48 7175.173
6300 1000 25 48 7122.161
6300 1000 26 48 7195.548
6300 1000 27 48 7159.854
6300 1000 28 48 7188.661
6300 1000 29 48 7196.732
6300 1000 30 48 7103.844
6300 1000 31 48 7059.592
6300 1000 32 48 7101.812
6300 1000 33 48 7229.245
6300 1000 34 48 7144.205
6300 1000 35 48 7007.002
6300 1000 36 48 7422.004
6300 1000 37 48 7232.997
6300 1000 38 48 7146.493
6300 1000 39 48 7085.362
6300 1000 40 48 7138.799
6300 1000 41 48 7208.572
6300 1000 42 48 13191.059
6300 1000 43 48 13337.218
6300 1000 44 48 13354.318
6300 1000 45 48 6896.125
6300 1000 46 48 6996.969
6300 1000 47 48 7064.264
6300 1000 48 48 7113.997
6300 1000 49 48 7011.362
6300 1000 50 48 7279.120
6300 1000 51 48 7117.413
6300 1000 52 48 7045.561
6300 1000 53 48 7008.278
6300 1000 54 48 7315.353
6300 1000 55 48 7135.920
6300 1000 56 48 7243.652
6300 1000 57 48 7336.102
6300 1000 58 48 7169.476
6300 1000 59 48 7183.344
6300 1000 60 48 7124.739
6300 1000 61 48 7116.218
6300 1000 62 48 6953.128
6300 1000 63 48 7116.084
6300 1000 64 48 7205.744
6300 1000 65 48 7254.328
6300 1000 66 48 7085.876
6300 1000 67 48 7117.316
6300 1000 68 48 7015.787
6300 1000 69 48 7219.956
6300 1000 70 48 7018.137
6300 2000 1 48 7656.873
6300 2000 2 48 7228.557
6300 2000 3 48 7178.159
6300 2000 4 48 7223.738
6300 2000 5 48 7344.570
6300 2000 6 48 7144.354
6300 2000 7 48 7207.102
6300 2000 8 48 6994.950
6300 2000 9 48 6939.622
6300 2000 10 48 6973.068
6300 2000 11 48 7126.352
6300 2000 12 48 7205.348
6300 2000 13 48 7056.291
6300 2000 14 48 7051.146
6300 2000 15 48 7198.260
6300 2000 16 48 6938.577
6300 2000 17 48 7103.393
6300 2000 18 48 7170.087
6300 2000 19 48 7190.378
6300 2000 20 48 7097.543
6300 2000 21 48 6979.518
6300 2000 22 48 7115.096
6300 2000 23 48 7096.895
6300 2000 24 48 7071.413
6300 2000 25 48 7155.351
6300 2000 26 48 6977.191
6300 2000 27 48 7155.718
6300 2000 28 48 7236.586
6300 2000 29 48 7095.864
6300 2000 30 48 7065.344
6300 2000 31 48 6980.093
6300 2000 32 48 6986.181
6300 2000 33 48 6901.081
6300 2000 34 48 7001.802
6300 2000 35 48 7073.991
6300 2000 36 48 7000.530
6300 2000 37 48 6814.972
6300 2000 38 48 6998.760
6300 2000 39 48 6901.558
6300 2000 40 48 6834.185
6300 2000 41 48 6881.855
6300 2000 42 48 7147.614
6300 2000 43 48 7145.489
6300 2000 44 48 6924.126
6300 2000 45 48 6921.085
6300 2000 46 48 7137.279
6300 2000 47 48 7096.341
6300 2000 48 48 7065.177
6300 2000 49 48 7273.978
6300 2000 50 48 7059.104
6300 2000 51 48 7112.108
6300 2000 52 48 7037.895
6300 2000 53 48 7052.575
6300 2000 54 48 7037.417
6300 2000 55 48 7045.926
6300 2000 56 48 7066.459
6300 2000 57 48 7073.095
6300 2000 58 48 7139.063
6300 2000 59 48 6825.005
6300 2000 60 48 6985.533
6300 2000 61 48 6861.487
6300 2000 62 48 6703.708
6300 2000 63 48 6952.926
6300 2000 64 48 7757.114
6300 2000 65 48 7718.766
6300 2000 66 48 7925.258
6300 2000 67 48 6772.733
6300 2000 68 48 6967.504
6300 2000 69 48 7022.236
6300 2000 70 48 6973.242
6300 2000 71 48 7107.993
6300 2000 72 48 7057.668
6300 2000 73 48 7035.032
6300 2000 74 48 7108.621
6300 2000 75 48 6994.208
6300 2000 76 48 7076.476
6300 2000 77 48 7038.164
6300 2000 78 48 7183.711
6300 2000 79 48 7564.011
6300 2000 80 48 7032.757
6300 2000 81 48 7038.252
6300 2000 82 48 7127.254
6300 2000 83 48 7079.446
6300 2000 84 48 6878.077
6300 2000 85 48 6910.889
6300 2000 86 48 6735.811
6300 2000 87 48 6839.016
6300 2000 88 48 6850.931
6300 2000 89 48 7065.552
6300 2000 90 48 7105.865
6300 2000 91 48 7117.080
6300 2000 92 48 6962.440
6300 2000 93 48 7022.927
6300 2000 94 48 6953.031
6300 2000 95 48 7146.823
6300 2000 96 48 7046.139
6300 2000 97 48 7117.316
6300 2000 98 48 6935.524
6300 2000 99 48 7109.129
6300 2000 100 48 6879.569
6300 2000 101 48 7076.532
6300 2000 102 48 7072.926
6300 2000 103 48 7129.273
6300 2000 104 48 7114.177
6300 2000 105 48 7180.481
6300 2000 106 48 7172.724
6300 2000 107 48 7059.124
6300 2000 108 48 7074.438
6300 2000 109 48 7023.333
6300 2000 110 48 7036.214
6300 2000 111 48 6979.193
6300 2000 112 48 7201.360
6300 2000 113 48 7037.712
6300 3000 1 48 13933.849
6300 3000 2 48 13251.002
6300 3000 3 48 7389.844
6300 3000 4 48 7060.138
6300 3000 5 48 7080.834
6300 3000 6 48 7121.186
6300 3000 7 48 7048.308
6300 3000 8 48 7008.464
6300 3000 9 48 7106.450
6300 3000 10 48 6939.592
6300 3000 11 48 6992.573
6300 3000 12 48 6894.188
6300 3000 13 48 7218.790
6300 3000 14 48 7028.483
6300 3000 15 48 7038.445
6300 3000 16 48 7059.220
6300 3000 17 48 7139.499
6300 3000 18 48 7209.920
6300 3000 19 48 12394.785
6300 3000 20 48 7111.324
6300 3000 21 48 6876.097
6300 3000 22 48 12880.759
6300 3000 23 48 11050.808
6300 3000 24 48 10967.596
6300 3000 25 48 9474.424
6300 3000 26 48 10543.833
6300 3000 27 48 8316.528
6300 3000 28 48 8256.215
6300 3000 29 48 11293.159
6300 3000 30 48 7117.049
6300 3000 31 48 7148.146
6300 3000 32 48 7076.174
6300 3000 33 48 8286.022
6300 3000 34 48 7163.596
6300 3000 35 48 10044.162
6300 3000 36 48 10058.866
6300 3000 37 48 9559.596
6300 3000 38 48 8835.655
6300 3000 39 48 9106.553
6300 3000 40 48 9283.690
6300 4000 1 48 7467.609
6300 4000 2 48 7380.082
6300 4000 3 48 7089.373
6300 4000 4 48 7196.705
6300 4000 5 48 7096.495
6300 4000 6 48 7079.919
6300 4000 7 48 7214.200
6300 4000 8 48 7381.126
6300 4000 9 48 7048.010
6300 4000 10 48 6990.562
6300 4000 11 48 6976.810
6300 4000 12 48 7223.543
6300 4000 13 48 7106.926
6300 4000 14 48 6946.474
6300 4000 15 48 7010.290
6300 4000 16 48 7027.988
6300 4000 17 48 7006.590
6300 4000 18 48 7057.135
6300 4000 19 48 7139.397
6300 4000 20 48 7025.574
6300 4000 21 48 7020.358
6300 4000 22 48 6990.434
6300 4000 23 48 7058.210
6300 4000 24 48 7067.745
6300 4000 25 48 7074.679
6300 4000 26 48 6931.265
6300 4000 27 48 7001.858
6300 4000 28 48 7159.709
6300 4000 29 48 6958.459
6300 4000 30 48 6998.947
6300 4000 31 48 6963.229
6300 4000 32 48 7078.610
6300 4000 33 48 6869.365
6300 4000 34 48 6835.153
6300 4000 35 48 6944.599
6300 4000 36 48 6964.241
6300 4000 37 48 7008.847
6300 4000 38 48 6757.716
6300 4000 39 48 6921.918
6300 4000 40 48 6996.430
6400 1000 1 48 7540.299
6400 1000 2 48 6966.785
6400 1000 3 48 7145.895
6400 1000 4 48 7078.391
6400 1000 5 48 7032.826
6400 1000 6 48 7166.609
6400 1000 7 48 6990.405
6400 1000 8 48 6942.962
6400 1000 9 48 9101.194
6400 1000 10 48 7023.944
6400 1000 11 48 7084.737
6400 1000 12 48 7057.697
6400 1000 13 48 6829.855
6400 1000 14 48 7093.959
6400 1000 15 48 7271.662
6400 1000 16 48 7002.674
6400 1000 17 48 6976.156
6400 1000 18 48 7033.049
6400 1000 19 48 7016.639
6400 1000 20 48 7144.137
6400 1000 21 48 7013.483
6400 1000 22 48 7104.233
6400 1000 23 48 6976.289
6400 1000 24 48 6918.443
6400 1000 25 48 7193.150
6400 1000 26 48 7185.603
6400 1000 27 48 6950.898
6400 1000 28 48 7202.152
6400 1000 29 48 7087.290
6400 1000 30 48 7001.138
6400 1000 31 48 7084.404
6400 1000 32 48 7250.758
6400 1000 33 48 8674.891
6400 1000 34 48 6930.177
6400 1000 35 48 7019.639
6400 1000 36 48 7023.632
6400 1000 37 48 7093.635
6400 1000 38 48 7034.856
6400 1000 39 48 7262.646
6400 1000 40 48 10387.884
6400 1000 41 48 7142.062
6400 1000 42 48 7112.440
6400 1000 43 48 7319.511
6400 1000 44 48 7530.493
6400 1000 45 48 7220.263
6400 1000 46 48 7120.986
6400 1000 47 48 7169.623
6400 1000 48 48 7141.273
6400 1000 49 48 7211.796
6400 1000 50 48 7022.291
6400 2000 1 48 7350.026
6400 2000 2 48 7110.284
6400 2000 3 48 10188.989
6400 2000 4 48 7733.225
6400 2000 5 48 7138.353
6400 2000 6 48 7218.362
6400 2000 7 48 7098.877
6400 2000 8 48 7245.403
6400 2000 9 48 7490.235
6400 2000 10 48 7334.657
6400 2000 11 48 7363.330
6400 2000 12 48 7086.142
6400 2000 13 48 10103.898
6400 2000 14 48 6955.066
6400 2000 15 48 6969.401
6400 2000 16 48 7051.605
6400 2000 17 48 6923.682
6400 2000 18 48 7026.705
6400 2000 19 48 6992.683
6400 2000 20 48 6866.819
6400 2000 21 48 7117.281
6400 2000 22 48 10255.275
6400 2000 23 48 10634.707
6400 2000 24 48 9550.432
6400 2000 25 48 9449.954
6400 2000 26 48 9566.089
6400 2000 27 48 9248.343
6400 2000 28 48 7009.837
6400 2000 29 48 6955.713
6400 2000 30 48 7067.413
6400 2000 31 48 7055.323
6400 2000 32 48 7138.519
6400 2000 33 48 10701.838
6400 2000 34 48 7220.706
6400 2000 35 48 7076.905
6400 2000 36 48 7182.284
6400 2000 37 48 11755.101
6400 2000 38 48 8342.683
6400 2000 39 48 7532.714
6400 2000 40 48 7277.829
6400 2000 41 48 7038.670
6400 2000 42 48 6977.561
6400 2000 43 48 6886.161
6400 2000 44 48 7129.996
6400 2000 45 48 6904.563
6400 2000 46 48 6862.321
6400 2000 47 48 6813.508
6400 2000 48 48 7038.613
6400 2000 49 48 7150.132
6400 2000 50 48 7104.506
6400 2000 51 48 7079.821
6400 2000 52 48 7006.865
6400 2000 53 48 7247.501
6400 2000 54 48 7138.172
6400 2000 55 48 7021.828
6400 2000 56 48 7034.849
6400 2000 57 48 7203.593
6400 2000 58 48 7085.277
6400 2000 59 48 7058.950
6400 2000 60 48 7083.060
6400 2000 61 48 6960.046
6400 2000 62 48 6848.435
6400 2000 63 48 7829.429
6400 2000 64 48 7234.649
6400 2000 65 48 7298.402
6400 2000 66 48 7106.652
6400 2000 67 48 7027.293
6400 2000 68 48 7136.227
6400 2000 69 48 7596.846
6400 2000 70 48 7139.429
6400 3000 1 48 7897.782
6400 3000 2 48 6928.047
6400 3000 3 48 7126.538
6400 3000 4 48 7246.905
6400 3000 5 48 7469.622
6400 3000 6 48 7008.704
6400 3000 7 48 6933.774
6400 3000 8 48 7024.945
6400 3000 9 48 6997.003
6400 3000 10 48 6959.498
6400 3000 11 48 6999.080
6400 3000 12 48 7297.519
6400 3000 13 48 6933.717
6400 3000 14 48 6899.784
6400 3000 15 48 6964.424
6400 3000 16 48 10402.941
6400 3000 17 48 7112.595
6400 3000 18 48 9967.902
6400 3000 19 48 9763.589
6400 3000 20 48 8037.028
6400 3000 21 48 8766.431
6400 3000 22 48 8477.277
6400 3000 23 48 8654.937
6400 3000 24 48 8435.905
6400 3000 25 48 8416.044
6400 3000 26 48 8595.104
6400 3000 27 48 11662.810
6400 3000 28 48 7070.004
6400 3000 29 48 8404.893
6400 3000 30 48 10788.589
6400 3000 31 48 10199.717
6400 3000 32 48 7106.449
6400 3000 33 48 7354.497
6400 3000 34 48 7270.337
6400 3000 35 48 11026.560
6400 3000 36 48 7370.041
6400 3000 37 48 7113.205
6400 3000 38 48 7238.021
6400 3000 39 48 7165.461
6400 3000 40 48 8511.619
6400 3000 41 48 7394.173
6400 3000 42 48 7208.634
6400 3000 43 48 7486.770
6400 3000 44 48 7148.741
6400 3000 45 48 7193.676
6400 3000 46 48 7204.537
6400 3000 47 48 6980.553
6400 3000 48 48 7040.706
6400 3000 49 48 7160.232
6400 3000 50 48 7146.952
6400 3000 51 48 7119.607
6400 3000 52 48 7174.683
6400 3000 53 48 7104.267
6400 3000 54 48 7027.555
6400 3000 55 48 7222.477
6400 3000 56 48 7196.279
6400 3000 57 48 7179.207
6400 3000 58 48 7325.204
6400 3000 59 48 7258.694
6400 3000 60 48 7280.173
6400 3000 61 48 7018.082
6400 3000 62 48 7156.282
6400 3000 63 48 7360.331
6400 3000 64 48 7143.947
6400 3000 65 48 7262.002
6400 3000 66 48 7233.760
6400 3000 67 48 7286.455
6400 3000 68 48 7163.417
6400 3000 69 48 7025.260
6400 3000 70 48 7332.218
6400 4000 1 48 7418.378
6400 4000 2 48 7040.031
6400 4000 3 48 7218.309
6400 4000 4 48 7016.801
6400 4000 5 48 6892.497
6400 4000 6 48 6797.969
6400 4000 7 48 7511.507
6400 4000 8 48 7486.465
6400 4000 9 48 7535.544
6400 4000 10 48 7752.728
6400 4000 11 48 7391.688
6400 4000 12 48 7070.884
6400 4000 13 48 8254.881
6400 4000 14 48 12690.844
6400 4000 15 48 11809.486
6400 4000 16 48 9802.274
6400 4000 17 48 7029.184
6400 4000 18 48 7085.560
6400 4000 19 48 7119.635
6400 4000 20 48 6958.578
6400 4000 21 48 6946.312
6400 4000 22 48 7080.762
6400 4000 23 48 6971.037
6400 4000 24 48 6902.617
6400 4000 25 48 7202.505
6400 4000 26 48 8724.274
6400 4000 27 48 8649.285
6400 4000 28 48 8737.511
6400 4000 29 48 7016.082
6400 4000 30 48 6987.690
6400 4000 31 48 7297.476
6400 4000 32 48 6964.367
6400 4000 33 48 7043.587
6400 4000 34 48 10277.871
6400 4000 35 48 6840.039
6400 4000 36 48 10149.451
6400 4000 37 48 10725.489
6400 4000 38 48 9976.532
6400 4000 39 48 7015.148
6400 4000 40 48 6935.601
6400 4000 41 48 7473.055
6400 4000 42 48 7106.750
6400 4000 43 48 6912.783
6400 4000 44 48 7020.364
6400 4000 45 48 7030.204
6400 4000 46 48 6896.501
6400 4000 47 48 7041.472
6400 4000 48 48 6993.106
6400 4000 49 48 6942.187
6400 4000 50 48 7229.480
6400 4000 51 48 6876.587
6400 4000 52 48 7013.267
6400 4000 53 48 7145.824
6400 4000 54 48 6912.239
6400 4000 55 48 7330.135
6400 4000 56 48 7340.739
6400 4000 57 48 6848.559
6400 4000 58 48 7402.645
6400 4000 59 48 7033.692
6400 4000 60 48 6990.933
6400 4000 61 48 7159.903
6400 4000 62 48 7367.808
6400 4000 63 48 6658.509
6400 4000 64 48 7541.961
6400 4000 65 48 7341.700
6400 4000 66 48 7216.320
6400 4000 67 48 6834.774
6400 4000 68 48 6908.183
6400 4000 69 48 6862.184
6400 4000 70 48 6881.252
6400 4000 71 48 6875.828
6400 4000 72 48 6794.976
6400 4000 73 48 7082.073
6400 4000 74 48 6908.502
6400 4000 75 48 6901.124
6400 4000 76 48 7044.815
6400 4000 77 48 7048.209
6400 4000 78 48 7308.094
6400 4000 79 48 7051.630
6400 4000 80 48 6961.189
6400 4000 81 48 6876.915
6400 4000 82 48 7154.928
6400 4000 83 48 7153.221
6400 4000 84 48 6942.630
6400 4000 85 48 7108.176
6400 4000 86 48 6813.116
6400 4000 87 48 7100.722
6400 4000 88 48 6904.291
6400 4000 89 48 7092.145
6400 4000 90 48 7020.446
6400 4000 91 48 10021.909
6400 4000 92 48 7065.869
6400 4000 93 48 7127.813
6400 4000 94 48 7138.760
6400 4000 95 48 7033.167
6400 4000 96 48 6968.858
6400 4000 97 48 7009.822
6400 4000 98 48 6952.842
6400 4000 99 48 6815.897
6400 4000 100 48 6779.035
6400 4000 101 48 7256.319
6400 4000 102 48 7000.855
6400 4000 103 48 7182.756
6400 4000 104 48 6943.854
6400 4000 105 48 7082.864
6400 4000 106 48 6854.542
6400 4000 107 48 7199.408
6400 4000 108 48 7124.165
6400 4000 109 48 7022.593
6400 4000 110 48 6875.853
6400 4000 111 48 7169.474
6400 4000 112 48 6872.666
6400 4000 113 48 6783.085
6400 4000 114 48 6993.423
6400 4000 115 48 7143.888
6400 4000 116 48 6838.250
6400 4000 117 48 7142.968
6400 4000 118 48 7209.892
6400 4000 119 48 6834.112
6400 4000 120 48 7007.346
6400 4000 121 48 6902.680
6400 4000 122 48 6937.481
6400 4000 123 48 6972.917
6400 4000 124 48 7084.339
6400 4000 125 48 6966.551
6400 4000 126 48 7133.493
6400 4000 127 48 7213.548
6400 4000 128 48 8355.338
6400 4000 129 48 8368.489
6400 4000 130 48 7019.350
6400 4000 131 48 7203.047
6400 4000 132 48 7022.411
6400 4000 133 48 7330.371
6400 4000 134 48 6943.706
6400 4000 135 48 6947.670
6400 4000 136 48 7134.826
6400 4000 137 48 6849.223
6400 4000 138 48 6886.265
6400 4000 139 48 6804.441
6400 4000 140 48 7000.023
6600 1000 1 48 7537.357
6600 1000 2 48 6843.237
6600 1000 3 48 7172.455
6600 1000 4 48 6807.334
6600 1000 5 48 6993.723
6600 1000 6 48 6997.055
6600 1000 7 48 7037.326
6600 1000 8 48 7001.325
6600 1000 9 48 6862.229
6600 1000 10 48 7066.986
6600 1000 11 48 6878.240
6600 1000 12 48 7145.549
6600 1000 13 48 6885.413
6600 1000 14 48 7008.085
6600 1000 15 48 7013.427
6600 1000 16 48 6988.430
6600 1000 17 48 8219.452
6600 1000 18 48 8354.228
6600 1000 19 48 9769.649
6600 1000 20 48 9884.873
6600 1000 21 48 10242.633
6600 1000 22 48 7064.737
6600 1000 23 48 7000.582
6600 1000 24 48 7006.923
6600 1000 25 48 6955.707
6600 1000 26 48 6933.469
6600 1000 27 48 7011.611
6600 1000 28 48 7090.054
6600 1000 29 48 7213.995
6600 1000 30 48 7220.364
6600 2000 1 48 7839.540
6600 2000 2 48 6973.123
6600 2000 3 48 7072.208
6600 2000 4 48 7467.761
6600 2000 5 48 7134.385
6600 2000 6 48 7047.841
6600 2000 7 48 6876.452
6600 2000 8 48 8538.021
6600 2000 9 48 7066.776
6600 2000 10 48 7041.904
6600 2000 11 48 6908.579
6600 2000 12 48 6951.253
6600 2000 13 48 7115.052
6600 2000 14 48 6898.690
6600 2000 15 48 6922.806
6600 2000 16 48 6870.886
6600 2000 17 48 7072.759
6600 2000 18 48 7174.775
6600 2000 19 48 6978.227
6600 2000 20 48 7089.684
6600 2000 21 48 6993.351
6600 2000 22 48 6883.289
6600 2000 23 48 6973.010
6600 2000 24 48 6904.447
6600 2000 25 48 7089.997
6600 2000 26 48 6832.194
6600 2000 27 48 7013.449
6600 2000 28 48 6871.240
6600 2000 29 48 7509.316
6600 2000 30 48 7617.616
6600 2000 31 48 7613.861
6600 2000 32 48 7316.358
6600 2000 33 48 7446.550
6600 2000 34 48 10460.425
6600 2000 35 48 14084.648
6600 2000 36 48 7582.458
6600 2000 37 48 7653.295
6600 2000 38 48 7337.758
6600 2000 39 48 7894.257
6600 2000 40 48 7512.545
6600 3000 1 48 7274.826
6600 3000 2 48 7034.975
6600 3000 3 48 6982.595
6600 3000 4 48 7081.716
6600 3000 5 48 7276.097
6600 3000 6 48 6824.957
6600 3000 7 48 6876.791
6600 3000 8 48 6956.570
6600 3000 9 48 7102.049
6600 3000 10 48 7009.191
6600 3000 11 48 6957.050
6600 3000 12 48 6999.761
6600 3000 13 48 6970.312
6600 3000 14 48 6856.778
6600 3000 15 48 7119.521
6600 3000 16 48 6951.055
6600 3000 17 48 7282.922
6600 3000 18 48 7118.206
6600 3000 19 48 10335.142
6600 3000 20 48 10401.374
6600 3000 21 48 10310.242
6600 3000 22 48 10136.894
6600 3000 23 48 10232.427
6600 3000 24 48 10293.829
6600 3000 25 48 10279.091
6600 3000 26 48 10254.213
6600 3000 27 48 10304.420
6600 3000 28 48 9947.435
6600 3000 29 48 7256.190
6600 3000 30 48 7133.381
6600 4000 1 48 7819.206
6600 4000 2 48 7428.705
6600 4000 3 48 7013.004
6600 4000 4 48 6989.708
6600 4000 5 48 6782.054
6600 4000 6 48 7091.283
6600 4000 7 48 6891.213
6600 4000 8 48 7266.904
6600 4000 9 48 7571.889
6600 4000 10 48 7026.464
6600 4000 11 48 7367.097
6600 4000 12 48 7002.535
6600 4000 13 48 8461.917
6600 4000 14 48 7071.258
6600 4000 15 48 8090.381
6600 4000 16 48 6894.227
6600 4000 17 48 6857.728
6600 4000 18 48 6840.336
6600 4000 19 48 6766.317
6600 4000 20 48 6852.172
6600 4000 21 48 6764.348
6600 4000 22 48 6909.149
6600 4000 23 48 6914.931
6600 4000 24 48 6991.398
6600 4000 25 48 7399.935
6600 4000 26 48 7472.329
6600 4000 27 48 6976.404
6600 4000 28 48 7010.393
6600 4000 29 48 6761.106
6600 4000 30 48 6860.447
7000 4000 1 48 7500.884
7000 4000 2 48 7139.046
7000 4000 3 48 7221.055
7000 4000 4 48 9354.926
7000 4000 5 48 7744.370
7000 4000 6 48 7420.525
7000 4000 7 48 7204.289
7000 4000 8 48 7539.376
7000 4000 9 48 7154.726
7000 4000 10 48 8504.805
7000 4000 11 48 7515.363
7000 4000 12 48 7153.842
7000 4000 13 48 7173.099
7000 4000 14 48 6819.287
7000 4000 15 48 7094.750
7000 4000 16 48 6969.249
7000 4000 17 48 7059.435
7000 4000 18 48 7054.854
7000 4000 19 48 7228.681
7000 4000 20 48 7297.412
7000 4000 21 48 7414.372
7000 4000 22 48 7278.102
7000 4000 23 48 7218.618
7000 4000 24 48 7217.197
7000 4000 25 48 7129.608
7000 4000 26 48 8657.365
7000 4000 27 48 7059.369
7000 4000 28 48 7169.611
7000 4000 29 48 7079.390
7000 4000 30 48 7130.036
