532982
1.04213e+06
1.55007e+06
2.0645e+06
2.57534e+06
3.09109e+06
3.60156e+06
4.11746e+06
4.63692e+06
5.14105e+06
5.65529e+06
6.16408e+06
6.68205e+06
7.1936e+06
7.70226e+06
8.23301e+06
8.748e+06
9.26299e+06
9.78128e+06
1.03006e+07
1.08334e+07
1.1354e+07
1.18806e+07
1.24101e+07
12934492
1.34579e+07
1.39814e+07
1.45095e+07
1.50286e+07
1.53715e+07
1.59201e+07
1.64487e+07
1.69808e+07
1.7493e+07
1.80006e+07
1.85203e+07
1.90308e+07
1.95397e+07
2.00514e+07
2.0561e+07
2.10849e+07
2.15897e+07
2.20955e+07
2.26338e+07
2.31712e+07
2.3698e+07
2.42245e+07
2.4757e+07
2.52873e+07
2.58194e+07
2.63465e+07
2.68756e+07
2.74037e+07
2.79392e+07
2.82867e+07
2.86308e+07
2.89798e+07
2.93286e+07
2.96745e+07
3.00244e+07
3.04406e+07
3.08263e+07
3.12112e+07
3.15932e+07
3.1974e+07
3.23641e+07
3.27408e+07
3.31262e+07
3.35e+07
3.38877e+07
3.43634e+07
3.46987e+07
3.50428e+07
3.53832e+07
3.57174e+07
3.60587e+07
3.64011e+07
3.67275e+07
3.70652e+07
3.74002e+07
3.77336e+07
3.80685e+07
3.84718e+07
3.88917e+07
3.92133e+07
3.95371e+07
3.98622e+07
4.01814e+07
4.05149e+07
4.08601e+07
4.11862e+07
4.15336e+07
4.18782e+07
4.22209e+07
4.25734e+07
4.2923e+07
4.32725e+07
4.3623e+07
4.39741e+07
4.43142e+07
4.46624e+07
4.49994e+07
4.53313e+07
4.56661e+07
4.60035e+07
4.6338e+07
4.66759e+07
4.70047e+07
4.73496e+07
4.78417e+07
4.81708e+07
4.85047e+07
4.88406e+07
4.91703e+07
4.95013e+07
4.98329e+07
5.01712e+07
5.05021e+07
5.08372e+07
5.11808e+07
5.15189e+07
5.18577e+07
5.22002e+07
5.25459e+07
5.28879e+07
5.3232e+07
5.35848e+07
5.39188e+07
5.4254e+07
5.4698e+07
5.50324e+07
5.54934e+07
5.58459e+07
5.61868e+07
5.65336e+07
5.68764e+07
5.74556e+07
5.77935e+07
5.81218e+07
5.84614e+07
5.87943e+07
5.91382e+07
5.94641e+07
5.98039e+07
6.01343e+07
6.04681e+07
6.07987e+07
6.11373e+07
6.14762e+07
6.18239e+07
6.21489e+07
6.24758e+07
6.28059e+07
6.3136e+07
6.34905e+07
6.38419e+07
6.41911e+07
6.45209e+07
6.48697e+07
6.51981e+07
6.55228e+07
6.58544e+07
6.6204e+07
6.65518e+07
6.69376e+07
6.7366e+07
6.778e+07
6.8205e+07
6.86259e+07
6.90493e+07
6.93751e+07
6.97037e+07
7.00436e+07
7.03759e+07
7.07081e+07
7.10346e+07
7.1363e+07
7.16965e+07
7.20376e+07
7.23787e+07
7.27074e+07
7.30338e+07
7.33648e+07
73697860
7.40369e+07
7.43658e+07
7.46954e+07
7.50311e+07
7.5368e+07
7.57e+07
7.60476e+07
7.63794e+07
7.67245e+07
7.70545e+07
7.73829e+07
7.7731e+07
7.80798e+07
7.84191e+07
7.87489e+07
7.90808e+07
7.94111e+07
7.97464e+07
8.0186e+07
8.05141e+07
8.08485e+07
8.11805e+07
8.15123e+07
8.19545e+07
8.2298e+07
8.26301e+07
8.29696e+07
8.33061e+07
8.36493e+07
8.39906e+07
8.43263e+07
8.46735e+07
8.50095e+07
8.53598e+07
8.56956e+07
8.60311e+07
8.63628e+07
8.67013e+07
8.70887e+07
8.74271e+07
8.77832e+07
8.81207e+07
8.84677e+07
8.89642e+07
8.93026e+07
8.96587e+07
8.99901e+07
9.03195e+07
9.06515e+07
9.09854e+07
9.13255e+07
9.16711e+07
9.20068e+07
9.23422e+07
9.26801e+07
9.30222e+07
9.35336e+07
9.38611e+07
9.41912e+07
9.45296e+07
9.48594e+07
9.51944e+07
9.55358e+07
9.58661e+07
9.62332e+07
9.65849e+07
9.69365e+07
9.72867e+07
9.76257e+07
9.79616e+07
9.82902e+07
9.86233e+07
9.89535e+07
9.94478e+07
9.97801e+07
1.00105e+08
1.00453e+08
1.00788e+08
1.01123e+08
1.0145e+08
1.01781e+08
1.02114e+08
1.02605e+08
1.03095e+08
1.03572e+08
1.04043e+08
1.04376e+08
1.04709e+08
1.05242e+08
1.05586e+08
1.05924e+08
1.06253e+08
1.06585e+08
1.06918e+08
1.07276e+08
1.0761e+08
1.07959e+08
1.08294e+08
1.08623e+08
1.08951e+08
1.09284e+08
1.09615e+08
1.09948e+08
1.10278e+08
1.10615e+08
1.10949e+08
1.11284e+08
1.11619e+08
1.11956e+08
1.12295e+08
1.12631e+08
1.1297e+08
1.13309e+08
1.13652e+08
1.13994e+08
1.14335e+08
1.14687e+08
1.15022e+08
1.1536e+08
1.15694e+08
1.16033e+08
1.16371e+08
1.16723e+08
117071600
1.17417e+08
1.17762e+08
1.18106e+08
1.1844e+08
1.18785e+08
1.19123e+08
1.19477e+08
1.19796e+08
1.20137e+08
1.2062e+08
1.2095e+08
1.21303e+08
1.21643e+08
1.21968e+08
1.22291e+08
1.22628e+08
1.22961e+08
1.23294e+08
1.23625e+08
1.23963e+08
1.24305e+08
1.24641e+08
1.24967e+08
1.25415e+08
1.25745e+08
1.26072e+08
1.26425e+08
1.26749e+08
1.27074e+08
1.27396e+08
1.27724e+08
1.2805e+08
1.28384e+08
1.28742e+08
1.2907e+08
1.29419e+08
1.29749e+08
1.30078e+08
1.30401e+08
1.30728e+08
1.31053e+08
1.31383e+08
1.31739e+08
1.32128e+08
1.32481e+08
1.32833e+08
1.33186e+08
1.33532e+08
1.33883e+08
1.34233e+08
1.34579e+08
1.34934e+08
1.35289e+08
1.35628e+08
1.35971e+08
1.36301e+08
1.36641e+08
1.36981e+08
1.37321e+08
1.37661e+08
1.38006e+08
1.38347e+08
1.38683e+08
1.39024e+08
1.39363e+08
1.39687e+08
1.40021e+08
1.40364e+08
1.40717e+08
1.41057e+08
1.41407e+08
1.41746e+08
1.42086e+08
1.42418e+08
1.42758e+08
1.43096e+08
1.43449e+08
1.43787e+08
1.44134e+08
1.44471e+08
1.44804e+08
1.45142e+08
1.45481e+08
1.45817e+08
1.46159e+08
1.46501e+08
1.46826e+08
1.47157e+08
1.47487e+08
1.47823e+08
1.48152e+08
1.48671e+08
1.49003e+08
1.49348e+08
1.49698e+08
1.50064e+08
1.50403e+08
1.50752e+08
1.51087e+08
1.51415e+08
1.51772e+08
1.52125e+08
1.52486e+08
1.52836e+08
1.53167e+08
1.53517e+08
1.53847e+08
1.54179e+08
1.54513e+08
1.54859e+08
1.55202e+08
155525322
1.55868e+08
1.56285e+08
1.56621e+08
156965922
1.573e+08
1.57635e+08
1.58036e+08
1.58437e+08
1.58833e+08
1.59177e+08
1.59534e+08
1.59887e+08
1.60235e+08
1.60568e+08
1.60903e+08
1.61251e+08
1.61597e+08
1.61943e+08
1.62278e+08
162624092
1.62966e+08
1.63316e+08
1.63659e+08
1.63999e+08
1.64337e+08
1.64681e+08
1.65017e+08
1.65355e+08
1.657e+08
1.66034e+08
1.66374e+08
1.66713e+08
1.67059e+08
1.67403e+08
1.67745e+08
1.6809e+08
1.68434e+08
1.68779e+08
1.69124e+08
1.69465e+08
1.69804e+08
1.70145e+08
1.70492e+08
1.70835e+08
1.71171e+08
1.71527e+08
1.71874e+08
1.72217e+08
1.72557e+08
1.729e+08
1.73246e+08
1.73879e+08
1.74519e+08
1.7516e+08
175491014
1.75827e+08
1.76166e+08
1.76507e+08
1.76844e+08
1.77193e+08
1.77535e+08
1.77873e+08
1.78209e+08
1.7856e+08
1.78903e+08
1.79251e+08
1.79603e+08
1.79947e+08
1.80292e+08
1.80634e+08
1.80976e+08
1.8131e+08
1.81652e+08
1.81998e+08
1.82346e+08
1.82686e+08
1.83028e+08
1.83365e+08
1.83712e+08
1.84049e+08
1.84417e+08
1.84764e+08
1.85109e+08
1.85456e+08
1.85809e+08
1.86152e+08
1.86498e+08
1.86834e+08
1.87167e+08
1.87502e+08
1.87844e+08
1.8819e+08
1.88529e+08
1.88867e+08
1.89213e+08
1.89546e+08
1.89887e+08
1.90231e+08
1.90576e+08
1.90917e+08
1.91252e+08
1.91594e+08
1.91935e+08
1.92274e+08
1.92617e+08
1.92952e+08
1.93295e+08
1.93642e+08
1.93983e+08
1.94322e+08
1.94657e+08
1.94992e+08
1.95323e+08
1.95659e+08
1.95999e+08
1.96335e+08
1.96662e+08
1.96998e+08
1.97329e+08
1.97657e+08
1.97987e+08
1.9833e+08
1.98673e+08
1.99005e+08
1.99337e+08
1.9968e+08
2.00021e+08
2.0036e+08
2.00709e+08
2.01048e+08
2.01389e+08
2.01727e+08
2.02066e+08
2.02404e+08
2.02742e+08
2.03081e+08
2.03421e+08
2.03764e+08
2.04092e+08
2.04427e+08
2.04756e+08
2.05078e+08
2.05412e+08
2.05784e+08
2.06155e+08
2.06535e+08
2.0686e+08
2.07194e+08
2.07531e+08
2.07866e+08
2.08207e+08
2.08546e+08
2.08884e+08
2.09225e+08
2.09561e+08
2.09901e+08
2.10239e+08
2.10584e+08
2.10947e+08
2.11285e+08
2.11623e+08
2.11965e+08
2.12305e+08
2.12635e+08
2.12967e+08
2.1329e+08
2.13618e+08
2.13947e+08
2.14286e+08
2.14627e+08
2.14969e+08
2.15303e+08
2.1564e+08
2.15974e+08
2.16317e+08
2.16655e+08
2.16997e+08
2.1733e+08
2.17671e+08
2.18001e+08
2.18341e+08
2.18681e+08
2.19023e+08
2.19364e+08
2.19709e+08
2.20053e+08
2.20392e+08
2.20732e+08
2.21069e+08
2.21407e+08
2.21742e+08
2.22088e+08
2.22426e+08
2.23095e+08
2.23731e+08
2.24086e+08
2.24425e+08
2.24765e+08
2.25107e+08
2.25445e+08
2.25781e+08
2.26122e+08
2.26455e+08
2.26791e+08
2.27122e+08
2.27469e+08
2.27806e+08
2.28144e+08
2.28483e+08
2.28826e+08
2.29172e+08
2.29767e+08
2.30108e+08
2.30438e+08
2.31056e+08
2.31586e+08
2.32112e+08
2.32567e+08
2.33073e+08
2.33472e+08
2.33868e+08
2.3441e+08
2.34752e+08
2.35095e+08
2.35435e+08
2.35833e+08
2.36177e+08
2.36659e+08
2.37142e+08
2.37601e+08
2.38025e+08
2.38462e+08
2.38908e+08
2.39266e+08
2.3962e+08
2.3996e+08
2.40305e+08
2.40646e+08
2.40986e+08
2.41332e+08
2.41686e+08
2.42024e+08
2.4236e+08
2.42695e+08
2.43042e+08
2.43383e+08
2.43716e+08
2.44052e+08
2.44389e+08
2.44725e+08
2.45064e+08
2.45407e+08
2.45744e+08
2.46081e+08
2.46417e+08
2.46756e+08
2.47095e+08
2.47435e+08
2.47768e+08
2.48104e+08
2.48448e+08
2.48782e+08
2.49118e+08
2.49452e+08
2.49792e+08
2.50122e+08
2.5045e+08
2.50783e+08
2.51117e+08
2.51453e+08
2.51777e+08
2.52109e+08
2.52445e+08
2.52807e+08
2.53141e+08
2.53484e+08
2.53824e+08
2.54162e+08
2.54506e+08
2.54842e+08
2.55175e+08
2.55612e+08
2.55949e+08
2.56289e+08
2.56628e+08
2.56956e+08
2.57297e+08
2.57646e+08
2.57982e+08
2.58317e+08
2.58655e+08
2.58992e+08
2.59335e+08
2.59672e+08
2.60013e+08
2.60348e+08
2.6068e+08
2.61025e+08
2.6137e+08
2.61704e+08
2.6205e+08
2.6239e+08
2.62726e+08
2.63066e+08
2.63414e+08
2.6383e+08
2.64163e+08
2.645e+08
2.64837e+08
2.65177e+08
2.65515e+08
2.65864e+08
2.66363e+08
2.66706e+08
2.67047e+08
2.67398e+08
2.67759e+08
2.68106e+08
2.68448e+08
2.68792e+08
2.69135e+08
2.69481e+08
2.69818e+08
2.70171e+08
2.70512e+08
2.71001e+08
2.71372e+08
2.71715e+08
2.72061e+08
2.72402e+08
2.7275e+08
2.7311e+08
2.73462e+08
2.73815e+08
2.74155e+08
2.7464e+08
2.74974e+08
2.75309e+08
2.75647e+08
2.75979e+08
2.76316e+08
2.76652e+08
2.76982e+08
2.77324e+08
2.77816e+08
2.78326e+08
2.78784e+08
2.79238e+08
2.79697e+08
2.80141e+08
2.80477e+08
2.80811e+08
2.8115e+08
2.81489e+08
2.81832e+08
2.82346e+08
2.82693e+08
2.83033e+08
2.83378e+08
2.83942e+08
2.84342e+08
2.84704e+08
2.85053e+08
2.85391e+08
2.85726e+08
2.86057e+08
2.86399e+08
2.8673e+08
2.87059e+08
2.87386e+08
2.87724e+08
2.88067e+08
2.88408e+08
2.88748e+08
2.89084e+08
2.89432e+08
2.89775e+08
2.90112e+08
2.9045e+08
2.90796e+08
2.91136e+08
2.91475e+08
2.91815e+08
2.92149e+08
2.92478e+08
2.92854e+08
2.93201e+08
2.93551e+08
2.93892e+08
2.94229e+08
2.94572e+08
2.94937e+08
2.9528e+08
2.95659e+08
2.95992e+08
2.96334e+08
2.96682e+08
2.97041e+08
2.97377e+08
2.9771e+08
2.98047e+08
2.98383e+08
2.98717e+08
2.99053e+08
2.99403e+08
2.99736e+08
3.00067e+08
3.00401e+08
3.009e+08
3.01241e+08
3.01719e+08
3.02188e+08
3.02574e+08
3.02995e+08
3.03402e+08
3.03817e+08
3.04222e+08
3.04626e+08
3.05039e+08
3.05599e+08
3.05938e+08
3.06341e+08
3.06859e+08
3.07349e+08
3.0769e+08
3.08043e+08
3.08392e+08
3.08921e+08
3.09275e+08
3.09616e+08
3.09963e+08
3.10307e+08
3.10716e+08
3.11071e+08
3.11417e+08
3.11776e+08
3.12119e+08
3.12464e+08
3.1281e+08
3.13145e+08
3.13483e+08
3.13827e+08
3.1417e+08
3.14512e+08
3.14856e+08
3.15197e+08
3.15534e+08
3.15881e+08
3.16226e+08
3.16571e+08
3.16923e+08
3.17271e+08
3.1762e+08
3.17957e+08
3.18301e+08
3.18654e+08
3.18997e+08
3.19346e+08
3.19693e+08
3.20043e+08
3.20387e+08
3.20724e+08
3.21076e+08
3.21432e+08
3.2177e+08
3.22116e+08
3.22453e+08
3.22784e+08
3.2311e+08
3.23471e+08
3.2383e+08
3.24192e+08
3.24564e+08
3.24919e+08
3.25258e+08
3.25654e+08
3.26263e+08
3.2683e+08
3.27301e+08
3.27638e+08
3.27978e+08
3.2832e+08
3.28654e+08
3.28987e+08
3.29327e+08
3.29662e+08
3.29993e+08
3.30339e+08
3.30758e+08
3.31173e+08
3.31592e+08
3.31929e+08
3.32264e+08
3.32614e+08
3.32948e+08
3.33286e+08
3.33779e+08
3.34107e+08
3.34594e+08
3.35109e+08
3.35588e+08
3.35925e+08
3.36258e+08
3.36617e+08
336958124
3.3729e+08
3.37627e+08
3.37964e+08
3.38295e+08
3.38633e+08
3.38969e+08
3.39302e+08
3.39649e+08
3.39979e+08
3.40316e+08
3.40659e+08
3.40991e+08
3.41343e+08
3.41695e+08
3.42024e+08
3.42379e+08
3.42717e+08
3.43053e+08
3.43397e+08
3.43751e+08
3.44071e+08
3.44433e+08
3.44785e+08
3.45131e+08
3.45459e+08
3.45791e+08
3.4612e+08
3.4645e+08
3.4678e+08
3.47106e+08
3.47446e+08
3.47778e+08
3.48109e+08
3.48447e+08
3.48785e+08
3.49136e+08
3.49474e+08
3.49808e+08
3.50138e+08
3.50481e+08
3.50824e+08
3.51157e+08
3.51498e+08
3.51825e+08
3.52166e+08
3.52497e+08
3.52837e+08
3.53174e+08
3.53655e+08
3.53994e+08
3.54336e+08
3.54679e+08
3.55017e+08
3.55352e+08
3.55688e+08
3.56022e+08
3.56349e+08
3.56674e+08
3.57022e+08
3.57358e+08
3.57703e+08
3.58036e+08
3.58376e+08
3.58705e+08
3.59051e+08
3.59393e+08
3.5973e+08
3.6006e+08
3.60404e+08
3.60734e+08
3.6106e+08
3.61396e+08
3.61739e+08
362067236
3.6241e+08
3.62756e+08
3.63084e+08
3.6342e+08
3.63751e+08
3.64084e+08
3.64419e+08
3.64759e+08
3.65093e+08
3.65435e+08
3.65781e+08
3.66182e+08
3.66584e+08
3.66921e+08
3.67267e+08
3.67604e+08
3.67956e+08
3.68289e+08
3.68622e+08
3.68964e+08
3.69293e+08
3.69624e+08
3.69951e+08
3.70287e+08
3.70649e+08
3.70977e+08
3.71321e+08
3.71648e+08
3.71984e+08
3.7232e+08
3.72658e+08
3.72994e+08
3.73323e+08
3.73662e+08
3.73992e+08
3.74335e+08
3.74665e+08
3.75001e+08
3.75338e+08
3.75673e+08
3.76068e+08
3.76469e+08
3.76938e+08
3.77412e+08
3.77904e+08
3.78243e+08
3.78579e+08
3.78915e+08
3.79249e+08
3.79582e+08
3.79919e+08
3.80259e+08
3.80605e+08
3.80952e+08
3.81328e+08
3.81663e+08
3.82002e+08
3.8236e+08
3.82702e+08
3.8304e+08
3.8337e+08
3.8378e+08
3.84119e+08
3.84457e+08
3.84789e+08
3.85123e+08
3.85465e+08
3.85796e+08
3.86128e+08
3.86458e+08
3.86797e+08
3.87141e+08
3.87476e+08
3.87816e+08
3.88152e+08
3.88482e+08
3.88817e+08
3.89148e+08
3.89488e+08
3.89816e+08
3.90153e+08
3.90483e+08
3.90843e+08
3.91209e+08
3.91574e+08
3.91925e+08
3.92282e+08
3.92784e+08
3.9346e+08
3.93824e+08
3.94191e+08
3.94543e+08
3.94922e+08
3.95283e+08
3.95632e+08
3.9597e+08
3.96305e+08
3.96645e+08
3.96994e+08
3.97322e+08
3.97652e+08
3.97986e+08
3.98327e+08
3.98663e+08
3.98997e+08
3.99333e+08
3.99668e+08
3.99997e+08
4.00339e+08
4.00673e+08
4.01023e+08
4.01365e+08
4.01861e+08
4.0236e+08
4.02855e+08
4.03342e+08
4.03833e+08
4.04327e+08
4.0482e+08
4.05312e+08
4.05807e+08
4.06284e+08
4.06632e+08
4.06974e+08
4.07349e+08
4.07706e+08
4.08043e+08
4.08379e+08
4.08705e+08
4.09045e+08
4.09376e+08
4.09725e+08
4.10088e+08
4.10425e+08
4.10779e+08
4.11115e+08
4.11521e+08
4.1186e+08
4.12248e+08
4.12579e+08
4.12908e+08
4.13236e+08
4.13561e+08
4.1389e+08
4.14215e+08
4.14547e+08
4.14879e+08
4.15215e+08
4.1557e+08
4.15929e+08
4.16264e+08
4.166e+08
4.16925e+08
4.17254e+08
4.17614e+08
4.17957e+08
4.18304e+08
4.18753e+08
4.19125e+08
4.19481e+08
4.19827e+08
4.20189e+08
4.20532e+08
4.2094e+08
4.21301e+08
4.21644e+08
4.21988e+08
4.22315e+08
422655548
4.2299e+08
4.23329e+08
4.23668e+08
4.24015e+08
4.24365e+08
4.24721e+08
4.2507e+08
4.25416e+08
4.25762e+08
4.26104e+08
4.2652e+08
4.26859e+08
4.27203e+08
4.27543e+08
